5.792147516307074584e-01
6.128951329653787861e-01
6.285122930255895302e-01
6.391118916206723899e-01
6.446939287506271432e-01
6.512794781736076510e-01
6.608755644756648673e-01
6.684646261916707966e-01
6.771826392373306858e-01
6.833291520321124191e-01
6.889111891620672834e-01
6.928625188158554771e-01
6.991344706472654158e-01
7.098595082789763699e-01
7.082288008028098103e-01
7.190165579528349227e-01
7.235323632714500963e-01
7.269819367787255793e-01
7.307451078775715203e-01
7.387104867034620659e-01
7.426618163572503706e-01
7.484320120421474876e-01
7.525087807325639977e-01
7.570245860511791713e-01
7.607250376317109541e-01
7.646136477671851006e-01
7.644882087305568952e-01
7.713873557451078611e-01
7.728926241846462153e-01
7.818615153035625154e-01
7.827395885599598424e-01
7.845584545910687657e-01
7.848720521826392238e-01
7.893878575012543974e-01
7.915830406422478260e-01
7.997992975413948935e-01
8.001756146512795098e-01
7.961615654791771579e-01
8.043151028600100672e-01
8.078273958855995973e-01
8.058830908178624686e-01
8.081409934771700554e-01
8.131585549422980508e-01
8.162945308580029646e-01
8.178625188158554771e-01
8.193050677370797841e-01
8.196186653286502422e-01
8.131585549422980508e-01
8.261414952333165918e-01
8.200577019568490167e-01
8.287757150025087949e-01
8.295910687405920747e-01
8.307200200702458126e-01
8.326016056196688941e-01
8.286502759658805894e-01
8.345459106874059119e-01
8.349849473156045754e-01
8.394380331159057018e-01
8.403161063723030288e-01
8.366156547917712460e-01
8.426367285499247739e-01
8.439538384345208755e-01
8.423231309583542048e-01
8.446437531359759499e-01
8.450200702458605662e-01
8.457727044656296878e-01
8.475288509784244528e-01
8.480306071249372746e-01
8.516683391871550102e-01
8.514174611138985993e-01
8.562468640240843420e-01
8.529854490717511117e-01
8.563095835423983893e-01
8.543025589563472133e-01
8.566231811339688473e-01
8.593201204214752087e-01
8.593201204214752087e-01
8.583793276467637234e-01
8.598845960863020776e-01
8.637732062217762241e-01
8.598845960863020776e-01
8.597591570496738722e-01
8.593828399397892559e-01
8.640868038133466822e-01
8.626442548921223752e-01
8.637104867034620659e-01
8.661565479177120164e-01
8.613898645258404319e-01
8.652784746613145783e-01
8.643376818866030931e-01
8.701078775715002100e-01
8.680381334671349869e-01
8.757526342197692326e-01
8.731184144505770295e-01
8.695434019066733411e-01
8.731811339688910767e-01
8.726166583040642077e-01
8.706723532363271900e-01
8.723657802308077969e-01
8.714249874560963116e-01
8.755644756648268690e-01
8.766934269944807179e-01
8.721776216758655442e-01
8.765052684395383542e-01
8.761916708479678961e-01
8.803311590566984535e-01
8.775087807325639977e-01
8.804565980933266589e-01
8.796412443552433791e-01
8.806447566482689115e-01
8.812719518314099387e-01
8.763171098845961016e-01
8.716131460110386753e-01
8.793903662819869682e-01
8.827145007526342457e-01
8.829026593075764984e-01
8.847215253386854217e-01
8.763171098845961016e-01
8.837180130456597782e-01
8.855368790767687015e-01
8.839061716006021419e-01
8.818991470145509659e-01
8.904917210235825387e-01
8.832789764174611147e-01
8.807701956848971170e-01
8.857250376317109541e-01
8.906171600602107441e-01
8.866031108881083922e-01
8.895509282488710534e-01
8.896136477671851006e-01
8.926241846462619201e-01
8.903662819869543332e-01
8.946312092323130960e-01
8.935649774209734053e-01
8.930005017561465364e-01
8.894254892122428480e-01
8.916206723532362766e-01
8.902408429503261278e-01
8.848469643753136271e-01
8.913070747616658185e-01
8.968891118916206828e-01
8.941294530858002743e-01
8.961364776718514502e-01
8.923105870546914620e-01
8.951956848971399650e-01
8.985825388861014007e-01
8.912443552433517713e-01
8.978926241846462153e-01
8.918715504264926874e-01
8.949448068238835541e-01
8.998996487706973912e-01
8.941921726041144325e-01
8.975790265930757572e-01
8.980807827395885790e-01
8.974535875564475518e-01
8.944430506773708434e-01
8.918715504264926874e-01
8.990215755143000642e-01
8.923733065730055092e-01
8.971399899648770937e-01
8.938158554942298162e-01
9.023457099849473417e-01
9.012794781736076510e-01
9.015930757651781091e-01
9.031610637230306216e-01
9.025338685398895944e-01
9.003386853988961658e-01
9.054816859006522556e-01
8.995233316608128860e-01
8.973281485198193463e-01
9.019693928750627254e-01
9.029101856497742107e-01
9.025965880582037526e-01
9.084295032614149168e-01
9.014676367285499037e-01
9.021575514300049781e-01
9.069242348218765626e-01
9.073005519317611789e-01
9.053562468640240501e-01
9.042272955343703122e-01
9.087431008529854859e-01
9.019066733567485672e-01
9.032237832413446688e-01
9.088685398896136913e-01
9.019066733567485672e-01
9.054816859006522556e-01
9.025965880582037526e-01
9.071123933768188152e-01
9.067360762669343099e-01
9.034119417962870324e-01
9.082413447064726641e-01
8.983943803311590370e-01
9.104365278474660927e-01
9.088058203712995331e-01
9.153286502759658827e-01
9.063597591570496936e-01
9.128198695434018850e-01
9.101856497742096819e-01
9.081159056698444587e-01
9.093702960361264021e-01
9.094957350727546075e-01
9.132589061716005485e-01
9.076768690416457952e-01
9.116281986954339889e-01
9.135725037631711176e-01
9.057325639739086665e-01
9.047290516808831340e-01
9.083040642247867114e-01
9.147014550928248555e-01
9.144505770195684446e-01
9.138233818364275285e-01
9.138861013547415757e-01
9.058580030105368719e-01
9.109382839939789145e-01
9.118163572503763525e-01
9.125689914701454741e-01
9.147641746111390137e-01
9.116281986954339889e-01
9.144505770195684446e-01
9.156422478675363408e-01
9.175238334169593113e-01
9.127571500250878378e-01
9.175238334169593113e-01
9.163321625689914152e-01
9.163948820873055734e-01
9.064224786753637408e-01
9.154540893125940881e-01
9.136352232814851648e-01
9.091194179628699912e-01
9.174611138986452641e-01
9.187782237832413657e-01
9.145132965378826029e-01
9.166457601605619843e-01
9.204716507777219725e-01
9.175238334169593113e-01
9.168966382338183951e-01
9.190918213748118237e-01
9.115654791771199417e-01
9.136352232814851648e-01
9.123181133968890633e-01
9.118163572503763525e-01
9.168339187155042369e-01
9.224159558454591012e-01
9.182137481184144967e-01
9.187155042649272074e-01
9.254892122428499679e-01
9.199698946312092618e-01
9.210988459608629997e-01
9.184646261916707966e-01
9.219141996989462795e-01
9.182137481184144967e-01
9.228549924736577648e-01
9.254264927245359207e-01
9.216006021073758214e-01
9.202207727044656727e-01
9.134470647265429122e-01
9.226041144004013539e-01
9.205343702960361307e-01
9.220396387355744849e-01
9.230431510286001284e-01
9.192799799297541874e-01
9.263045659809332477e-01
9.259909683893627896e-01
9.295032614149523198e-01
9.226668339187155121e-01
9.232313095835423811e-01
9.213497240341194106e-01
9.194681384846964400e-01
9.224159558454591012e-01
9.258028098344204260e-01
9.238585047666834082e-01
9.224786753637732595e-01
9.274335173105870966e-01
9.278725539387857602e-01
9.211615654791771579e-01
9.241093828399398191e-01
9.274335173105870966e-01
9.236076266934269974e-01
9.251128951329653516e-01
9.246738585047666881e-01
9.305694932262920105e-01
9.239212242849974555e-01
9.276216758655293493e-01
9.235449071751129502e-01
9.256146512794781733e-01
9.284370296036126291e-01
9.263045659809332477e-01
9.274335173105870966e-01
9.242975413948820718e-01
9.217260411440040269e-01
9.283743100852985819e-01
9.282488710486703765e-01
9.238585047666834082e-01
9.286251881585549928e-01
9.315102860010034957e-01
9.279352734570998074e-01
9.262418464626192005e-01
9.281234320120421710e-01
9.276216758655293493e-01
9.274962368289011438e-01
9.308203712995484214e-01
9.294405418966382726e-01
9.285624686402408345e-01
9.310085298544906740e-01
9.320120421475163175e-01
9.278725539387857602e-01
9.269944806823883221e-01
9.301931761164073942e-01
9.309458103361766268e-01
9.237957852483692500e-01
9.293151028600100672e-01
9.301931761164073942e-01
9.327019568489713919e-01
9.308203712995484214e-01
9.290642247867536563e-01
9.301304565980933470e-01
9.298168590065227779e-01
9.315102860010034957e-01
9.301931761164073942e-01
9.305067737079779633e-01
9.323256397390867756e-01
9.309458103361766268e-01
9.283115905669844237e-01
9.315102860010034957e-01
9.311339688911188794e-01
9.294405418966382726e-01
9.297541394882087307e-01
9.332664325137982608e-01
9.339563472152533352e-01
9.325765178123431864e-01
9.320120421475163175e-01
9.307576517812343742e-01
9.358379327646764168e-01
9.323883592574009338e-01
9.311966884094330377e-01
9.370296036126442019e-01
9.302558956347215524e-01
9.288133467134972454e-01
9.310085298544906740e-01
9.251128951329653516e-01
9.320747616658303647e-01
9.357124937280482113e-01
9.345835423983943624e-01
9.307576517812343742e-01
9.370296036126442019e-01
9.320120421475163175e-01
9.336427496236828771e-01
9.333918715504264663e-01
9.357752132463622585e-01
9.345835423983943624e-01
9.357124937280482113e-01
9.287506271951830872e-01
9.306949322629202159e-01
9.370296036126442019e-01
9.307576517812343742e-01
9.378449573507275927e-01
9.304440541896638051e-01
9.350225790265930259e-01
9.318238835925739538e-01
9.356497742097340531e-01
9.341445057701956989e-01
9.379076768690416399e-01
9.364024084295032857e-01
9.369668840943301547e-01
9.341445057701956989e-01
9.394756648268941523e-01
9.360260913196186694e-01
9.385348720521826671e-01
9.380331159056698453e-01
9.360260913196186694e-01
9.385348720521826671e-01
9.357752132463622585e-01
9.353988961364776422e-01
9.364024084295032857e-01
9.403537380832914794e-01
9.359006522829904640e-01
9.318866031108881121e-01
9.370923231309583601e-01
9.420471650777721973e-01
9.379076768690416399e-01
9.377195183140993873e-01
9.364024084295032857e-01
9.385348720521826671e-01
9.355870546914200059e-01
9.382212744606120980e-01
9.381585549422980508e-01
9.363396889111891275e-01
9.301931761164073942e-01
9.418590065228299446e-01
9.362769693928750803e-01
9.361515303562468748e-01
9.408554942298043011e-01
9.380331159056698453e-01
9.372804816859006127e-01
9.363396889111891275e-01
9.372177621675865655e-01
9.392247867536377415e-01
9.398519819367787687e-01
9.373432012042147710e-01
9.343326643251379515e-01
9.358379327646764168e-01
9.385975915704967143e-01
9.416708479678875809e-01
9.392247867536377415e-01
9.458103361766181383e-01
9.410436527847466648e-01
9.415454089312593755e-01
9.402910185649774322e-01
9.384721525338685089e-01
9.391620672353235832e-01
9.424862017059708608e-01
9.376567987957852290e-01
9.394129453085799941e-01
9.421726041144004027e-01
9.387857501254390780e-01
9.389739086803813306e-01
9.406673356748620485e-01
9.422353236327144499e-01
9.408554942298043011e-01
9.413572503763171229e-01
9.439914701455093260e-01
9.357752132463622585e-01
9.407300551931760957e-01
9.377822378324134345e-01
9.446186653286502422e-01
9.423607626693426553e-01
9.429252383341696353e-01
9.389111891620672834e-01
9.399147014550928159e-01
9.445559458103361949e-01
9.374686402408429764e-01
9.433015554440541406e-01
9.419844455594581500e-01
9.426743602609132244e-01
9.425489212242850190e-01
9.399774209734069741e-01
9.468765679879578290e-01
9.434269944806823460e-01
9.412945308580029646e-01
9.387857501254390780e-01
9.453085800301053165e-01
9.441796287004515786e-01
9.447441043652784476e-01
9.412318113396889174e-01
9.385975915704967143e-01
9.399147014550928159e-01
9.426116407425990662e-01
9.456221776216758856e-01
9.405418966382338430e-01
9.402282990466632739e-01
9.443050677370797841e-01
9.434269944806823460e-01
9.377195183140993873e-01
9.435524335173105515e-01
9.443677872553938313e-01
9.418590065228299446e-01
9.437405920722529151e-01
9.479427997992975197e-01
9.433015554440541406e-01
9.483818364274961832e-01
9.451204214751630639e-01
9.439287506271951678e-01
9.478173607626693142e-01
9.425489212242850190e-01
9.467511289513296235e-01
9.446813848469644004e-01
9.436778725539387569e-01
9.443677872553938313e-01
9.392875062719517887e-01
9.428625188158554771e-01
9.468765679879578290e-01
9.450577019568490167e-01
9.384094330155544617e-01
9.480055193176116779e-01
9.456221776216758856e-01
9.438660311088811206e-01
9.481309583542398833e-01
9.427370797792272716e-01
9.440541896638233732e-01
9.476919217260411088e-01
9.419217260411439918e-01
9.432388359257400934e-01
9.425489212242850190e-01
9.454967385850476802e-01
9.473156046161564925e-01
9.444932262920220367e-01
9.448695434019066530e-01
9.454340190667335220e-01
9.435524335173105515e-01
9.503888610135474702e-01
9.470020070245860344e-01
9.486327145007525941e-01
9.416081284495735337e-01
9.480682388359257251e-01
9.476919217260411088e-01
9.469392875062719872e-01
9.445559458103361949e-01
9.439287506271951678e-01
9.475037631710988562e-01
9.456848971399899328e-01
9.463120923231309600e-01
9.466884094330155763e-01
9.448695434019066530e-01
9.401655795283492267e-01
9.451204214751630639e-01
9.452458605117912693e-01
9.421726041144004027e-01
9.471274460612142398e-01
9.483191169091821360e-01
9.451831409934772221e-01
9.483191169091821360e-01
9.493853487205218267e-01
9.493226292022077795e-01
9.448068238835926058e-01
9.497616658304064430e-01
9.471901655795283981e-01
9.443677872553938313e-01
9.518314099347716661e-01
9.471901655795283981e-01
9.463120923231309600e-01
9.489463120923231632e-01
9.497616658304064430e-01
9.482563973908680888e-01
9.494480682388358739e-01
9.471901655795283981e-01
9.507024586051179282e-01
9.474410436527846979e-01
9.464375313597591655e-01
9.455594581033617274e-01
9.486954340190667523e-01
9.528976417461113568e-01
9.454967385850476802e-01
9.446186653286502422e-01
9.500125439036628539e-01
9.466256899147014181e-01
9.468765679879578290e-01
9.471901655795283981e-01
9.499498243853486956e-01
9.468138484696437818e-01
9.482563973908680888e-01
9.505143000501755646e-01
9.547165077772202801e-01
9.500125439036628539e-01
9.522704465629704407e-01
9.470020070245860344e-01
9.494480682388358739e-01
9.485699949824385468e-01
9.508906171600601809e-01
9.495107877571500321e-01
9.489463120923231632e-01
9.510160561966883863e-01
9.500752634219769011e-01
9.453085800301053165e-01
9.471274460612142398e-01
9.534621174109383368e-01
9.518941294530858244e-01
9.439287506271951678e-01
9.536502759658805894e-01
9.448695434019066530e-01
9.542774711490216166e-01
9.507651781234319754e-01
9.488208730556949577e-01
9.520822880080280770e-01
9.488835925740090049e-01
9.518941294530858244e-01
9.505143000501755646e-01
9.528976417461113568e-01
9.519568489713998716e-01
9.535248369292523840e-01
9.486954340190667523e-01
9.490717511289513686e-01
9.495107877571500321e-01
9.506397390868037700e-01
9.473156046161564925e-01
9.518314099347716661e-01
9.526467636728549460e-01
9.514550928248870498e-01
9.493226292022077795e-01
9.513923733065730026e-01
9.521450075263422352e-01
9.505143000501755646e-01
9.520822880080280770e-01
9.505143000501755646e-01
9.523331660812844879e-01
9.489463120923231632e-01
9.500752634219769011e-01
9.486954340190667523e-01
9.522077270446562824e-01
9.542774711490216166e-01
9.491971901655795740e-01
9.551555444054189437e-01
9.510160561966883863e-01
9.532112393376819259e-01
9.525213246362267405e-01
9.515805318615152553e-01
9.479427997992975197e-01
9.500752634219769011e-01
9.482563973908680888e-01
9.524586051179126933e-01
9.518941294530858244e-01
9.528349222277973096e-01
9.510160561966883863e-01
9.569744104365278670e-01
9.541520321123934112e-01
9.538384345208228421e-01
9.538384345208228421e-01
9.485699949824385468e-01
9.535875564475664312e-01
9.512669342699447972e-01
9.472528850978424453e-01
9.546537882589061219e-01
9.528349222277973096e-01
9.534621174109383368e-01
9.539011540391370003e-01
9.520822880080280770e-01
9.530858003010537205e-01
9.518941294530858244e-01
9.533993978926241786e-01
9.523958855995986461e-01
9.514550928248870498e-01
9.508906171600601809e-01
9.547792272955343273e-01
9.527722027094831514e-01
9.520195684897140298e-01
9.518941294530858244e-01
9.529603612644255151e-01
9.485699949824385468e-01
9.570998494731560724e-01
9.539011540391370003e-01
9.483191169091821360e-01
9.540265930757652058e-01
9.496989463120922847e-01
9.544656297039638693e-01
9.519568489713998716e-01
9.577897641746111468e-01
9.539638735574510475e-01
9.539011540391370003e-01
9.491971901655795740e-01
9.539638735574510475e-01
9.545910687405920747e-01
9.542147516307074584e-01
9.544029101856498221e-01
9.532739588559959731e-01
9.500752634219769011e-01
9.553437029603613073e-01
9.532112393376819259e-01
9.558454591068740180e-01
9.512042147516307500e-01
9.565980933266432507e-01
9.531485198193677677e-01
9.402282990466632739e-01
9.508906171600601809e-01
9.565353738083292034e-01
9.554691419969895128e-01
9.503888610135474702e-01
9.542147516307074584e-01
9.566608128449572979e-01
9.573507275464124833e-01
9.522704465629704407e-01
9.572880080280983250e-01
9.554691419969895128e-01
9.528349222277973096e-01
9.529603612644255151e-01
9.553437029603613073e-01
9.496989463120922847e-01
9.570998494731560724e-01
9.547165077772202801e-01
9.541520321123934112e-01
9.538384345208228421e-01
9.540265930757652058e-01
9.559081786251881763e-01
9.549673858504766910e-01
9.557200200702458126e-01
9.552809834420471491e-01
9.533366783743101314e-01
9.568489713998996615e-01
9.544029101856498221e-01
9.535248369292523840e-01
9.582915203211239685e-01
9.581660812844957631e-01
9.542147516307074584e-01
9.566608128449572979e-01
9.541520321123934112e-01
9.554691419969895128e-01
9.507651781234319754e-01
9.530230807827395623e-01
9.576016056196688941e-01
9.571625689914701196e-01
9.546537882589061219e-01
9.572880080280983250e-01
9.580406422478675577e-01
9.544029101856498221e-01
9.576643251379829413e-01
9.555318615153035600e-01
9.569744104365278670e-01
9.532739588559959731e-01
9.557827395885599708e-01
9.554691419969895128e-01
9.556573005519317654e-01
9.577270446562969886e-01
9.564726542900150452e-01
9.574134470647265305e-01
9.551555444054189437e-01
9.570998494731560724e-01
9.532112393376819259e-01
9.528976417461113568e-01
9.568489713998996615e-01
9.567862518815855033e-01
9.568489713998996615e-01
9.562217762167586343e-01
9.549046663321625328e-01
9.581660812844957631e-01
9.562844957350727926e-01
9.538384345208228421e-01
9.567235323632714561e-01
9.542147516307074584e-01
9.559708981435022235e-01
9.561590566984445871e-01
9.584796788760662212e-01
9.565980933266432507e-01
9.579152032112393522e-01
9.555318615153035600e-01
9.576016056196688941e-01
9.570371299548419142e-01
9.584169593577521740e-01
9.581033617661816049e-01
9.553437029603613073e-01
9.581033617661816049e-01
9.560336176618163817e-01
9.546537882589061219e-01
9.550301053687907382e-01
9.574761665830406887e-01
9.563472152533868398e-01
9.585423983943803794e-01
9.558454591068740180e-01
9.562217762167586343e-01
9.613020572002006769e-01
9.550928248871048964e-01
9.567862518815855033e-01
9.572880080280983250e-01
9.606121424987456026e-01
9.567862518815855033e-01
9.561590566984445871e-01
9.547792272955343273e-01
9.563472152533868398e-01
9.604867034621173971e-01
9.577897641746111468e-01
9.606121424987456026e-01
9.613647767185148352e-01
9.578524836929251940e-01
9.541520321123934112e-01
9.555318615153035600e-01
9.587932764676366793e-01
9.570998494731560724e-01
9.582288008028098103e-01
9.602358253888609863e-01
9.561590566984445871e-01
9.564726542900150452e-01
9.583542398394380157e-01
9.559708981435022235e-01
9.584796788760662212e-01
9.591695935775212956e-01
9.547792272955343273e-01
9.563472152533868398e-01
9.564726542900150452e-01
9.606748620170597608e-01
9.588559959859508375e-01
9.576643251379829413e-01
9.560963371801304289e-01
9.497616658304064430e-01
9.614274962368288824e-01
9.554691419969895128e-01
9.624310085298545259e-01
9.603612644254891917e-01
9.582915203211239685e-01
9.587305569493226320e-01
9.611138986452584243e-01
9.557200200702458126e-01
9.584169593577521740e-01
9.559708981435022235e-01
9.589187155042648847e-01
9.615529352734570878e-01
9.567862518815855033e-01
9.616783743100852933e-01
9.594204716507777064e-01
9.600476668339187336e-01
9.528976417461113568e-01
9.602358253888609863e-01
9.614274962368288824e-01
9.577897641746111468e-01
9.600476668339187336e-01
9.607375815353738080e-01
9.587305569493226320e-01
9.597340692423481645e-01
9.577897641746111468e-01
9.613020572002006769e-01
9.590441545408930901e-01
9.597340692423481645e-01
9.609884596086302189e-01
9.600476668339187336e-01
9.624310085298545259e-01
9.597967887606623227e-01
9.587305569493226320e-01
9.599849473156045754e-01
9.614902157551430406e-01
9.592950326141495010e-01
9.612393376818866297e-01
9.584796788760662212e-01
9.587932764676366793e-01
9.588559959859508375e-01
9.592950326141495010e-01
9.610511791269442661e-01
9.587305569493226320e-01
9.610511791269442661e-01
9.602985449071751445e-01
9.617410938283994515e-01
9.577897641746111468e-01
9.631209232313096003e-01
9.617410938283994515e-01
9.557200200702458126e-01
9.594831911690918647e-01
9.587932764676366793e-01
9.595459106874059119e-01
9.589814350225790429e-01
9.574761665830406887e-01
9.590441545408930901e-01
9.589814350225790429e-01
9.525840441545408988e-01
9.619919719016557513e-01
9.617410938283994515e-01
9.612393376818866297e-01
9.590441545408930901e-01
9.608003010536878552e-01
9.592323130958354538e-01
9.588559959859508375e-01
9.576643251379829413e-01
9.609257400903160606e-01
9.588559959859508375e-01
9.596086302057200701e-01
9.601103863522327808e-01
9.598595082789763699e-01
9.580406422478675577e-01
9.611766181635724715e-01
9.608630205720020134e-01
9.594831911690918647e-01
9.520822880080280770e-01
9.607375815353738080e-01
9.614902157551430406e-01
9.641871550426492909e-01
9.599849473156045754e-01
9.623682890115403676e-01
9.616156547917712460e-01
9.631836427496236475e-01
9.612393376818866297e-01
9.604867034621173971e-01
9.584796788760662212e-01
9.614274962368288824e-01
9.601731058705469390e-01
9.604239839438033499e-01
9.572880080280983250e-01
9.582288008028098103e-01
9.629327646763672366e-01
9.613020572002006769e-01
9.565980933266432507e-01
9.617410938283994515e-01
9.591695935775212956e-01
9.630582037129954420e-01
9.621801304565981150e-01
9.596086302057200701e-01
9.610511791269442661e-01
9.589814350225790429e-01
9.605494229804315554e-01
9.594831911690918647e-01
9.618038133467134987e-01
9.598595082789763699e-01
9.652533868539889816e-01
9.631209232313096003e-01
9.580406422478675577e-01
9.544029101856498221e-01
9.645007526342197490e-01
9.587305569493226320e-01
9.604867034621173971e-01
9.609884596086302189e-01
9.638735574510787218e-01
9.581033617661816049e-01
9.606121424987456026e-01
9.601103863522327808e-01
9.609884596086302189e-01
9.578524836929251940e-01
9.618665328650275459e-01
9.605494229804315554e-01
9.631209232313096003e-01
9.614902157551430406e-01
9.609257400903160606e-01
9.576643251379829413e-01
9.611766181635724715e-01
9.637481184144506274e-01
9.591695935775212956e-01
9.611138986452584243e-01
9.645634721525339073e-01
9.613647767185148352e-01
9.626818866031109367e-01
9.643753135975915436e-01
9.626818866031109367e-01
9.589187155042648847e-01
9.633718013045660111e-01
9.614274962368288824e-01
9.604867034621173971e-01
9.647516307074761599e-01
9.599849473156045754e-01
9.609884596086302189e-01
9.626818866031109367e-01
9.621801304565981150e-01
9.612393376818866297e-01
9.623055694932263204e-01
9.613020572002006769e-01
9.609884596086302189e-01
9.615529352734570878e-01
9.623055694932263204e-01
9.632463622679378057e-01
9.625564475664827313e-01
9.628700451580531894e-01
9.649397892624184125e-01
9.600476668339187336e-01
9.636853988961364692e-01
9.646261916708479545e-01
9.594831911690918647e-01
9.622428499749121622e-01
9.626818866031109367e-01
9.601731058705469390e-01
9.616783743100852933e-01
9.599849473156045754e-01
9.641244355243351327e-01
9.629327646763672366e-01
9.638735574510787218e-01
9.604867034621173971e-01
9.626818866031109367e-01
9.633090817862518529e-01
9.652533868539889816e-01
9.614274962368288824e-01
9.634345208228800583e-01
9.615529352734570878e-01
9.602358253888609863e-01
9.633718013045660111e-01
9.620546914199699096e-01
9.658178625188158506e-01
9.629327646763672366e-01
9.621801304565981150e-01
9.579152032112393522e-01
9.639989964877069273e-01
9.614274962368288824e-01
9.623682890115403676e-01
9.628700451580531894e-01
9.663196186653286723e-01
9.651906673356748234e-01
9.639362769693928801e-01
9.657551430005018034e-01
9.631836427496236475e-01
9.606121424987456026e-01
9.641871550426492909e-01
9.621801304565981150e-01
9.637481184144506274e-01
9.626818866031109367e-01
9.656924234821876452e-01
9.630582037129954420e-01
9.637481184144506274e-01
9.647516307074761599e-01
9.615529352734570878e-01
9.638735574510787218e-01
9.620546914199699096e-01
9.639989964877069273e-01
9.611766181635724715e-01
9.601103863522327808e-01
9.614274962368288824e-01
9.641871550426492909e-01
9.666332162568991304e-01
9.662568991470145141e-01
9.624310085298545259e-01
9.606748620170597608e-01
9.611138986452584243e-01
9.611766181635724715e-01
9.627446061214249839e-01
9.646889111891621127e-01
9.642498745609633382e-01
9.651279478173607762e-01
9.633090817862518529e-01
9.644380331159057018e-01
9.615529352734570878e-01
9.646261916708479545e-01
9.667586552935273359e-01
9.631209232313096003e-01
9.623055694932263204e-01
9.641871550426492909e-01
9.622428499749121622e-01
9.643125940792774964e-01
9.657551430005018034e-01
9.645007526342197490e-01
9.637481184144506274e-01
9.658178625188158506e-01
9.611766181635724715e-01
9.645007526342197490e-01
9.592323130958354538e-01
9.636853988961364692e-01
9.614902157551430406e-01
9.628700451580531894e-01
9.663196186653286723e-01
9.621174109382839568e-01
9.593577521324636592e-01
9.633090817862518529e-01
9.635599598595082638e-01
9.646261916708479545e-01
9.625564475664827313e-01
9.676367285499247739e-01
9.622428499749121622e-01
9.666332162568991304e-01
9.618038133467134987e-01
9.641244355243351327e-01
9.636226793778224220e-01
9.651906673356748234e-01
9.634972403411942166e-01
9.650025087807325708e-01
9.670722528850977939e-01
9.640617160060210855e-01
9.656297039638735979e-01
9.631836427496236475e-01
9.665704967385850832e-01
9.628073256397391422e-01
9.658805820371300088e-01
9.653161063723030288e-01
9.640617160060210855e-01
9.658178625188158506e-01
9.599849473156045754e-01
9.638735574510787218e-01
9.628073256397391422e-01
9.642498745609633382e-01
9.621801304565981150e-01
9.635599598595082638e-01
9.657551430005018034e-01
9.653161063723030288e-01
9.664450577019568778e-01
9.615529352734570878e-01
9.592950326141495010e-01
9.674485699949824102e-01
9.610511791269442661e-01
9.640617160060210855e-01
9.624310085298545259e-01
9.632463622679378057e-01
9.671349724034119522e-01
9.653788258906171871e-01
9.633090817862518529e-01
9.659433015554440560e-01
9.702082288008028188e-01
9.649397892624184125e-01
9.661941796287004669e-01
9.646889111891621127e-01
9.652533868539889816e-01
9.643125940792774964e-01
9.623682890115403676e-01
9.646261916708479545e-01
9.666959357752132886e-01
9.661314601103863087e-01
9.692674360260913335e-01
9.676994480682388211e-01
9.624937280481685731e-01
9.670095333667837467e-01
9.650025087807325708e-01
9.688911189162067172e-01
9.616783743100852933e-01
9.677621675865529793e-01
9.653788258906171871e-01
9.669468138484695885e-01
9.670722528850977939e-01
9.611766181635724715e-01
9.665704967385850832e-01
9.682639237330656901e-01
9.640617160060210855e-01
9.652533868539889816e-01
9.670095333667837467e-01
9.628700451580531894e-01
9.682639237330656901e-01
9.653788258906171871e-01
9.671349724034119522e-01
9.639989964877069273e-01
9.617410938283994515e-01
9.671349724034119522e-01
9.636226793778224220e-01
9.657551430005018034e-01
9.614902157551430406e-01
9.666959357752132886e-01
9.638108379327646746e-01
9.683893627696938955e-01
9.614274962368288824e-01
9.656297039638735979e-01
9.685148018063221009e-01
9.656924234821876452e-01
9.667586552935273359e-01
9.676367285499247739e-01
9.541520321123934112e-01
9.653788258906171871e-01
9.644380331159057018e-01
9.673858504766683630e-01
9.660060210737581032e-01
9.677621675865529793e-01
9.602985449071751445e-01
9.673231309583542048e-01
9.676994480682388211e-01
9.674485699949824102e-01
9.663196186653286723e-01
9.656924234821876452e-01
9.692674360260913335e-01
9.671349724034119522e-01
9.627446061214249839e-01
9.678876066231811848e-01
9.640617160060210855e-01
9.637481184144506274e-01
9.661941796287004669e-01
9.660060210737581032e-01
9.665077772202709250e-01
9.648770697441043653e-01
9.655669844455594397e-01
9.695183140993477444e-01
9.633090817862518529e-01
9.562844957350727926e-01
9.682012042147516429e-01
9.641871550426492909e-01
9.674485699949824102e-01
9.668840943301555413e-01
9.646889111891621127e-01
9.655669844455594397e-01
9.683893627696938955e-01
9.680757651781234374e-01
9.662568991470145141e-01
9.655669844455594397e-01
9.654415454089312343e-01
9.640617160060210855e-01
9.668840943301555413e-01
9.610511791269442661e-01
9.628700451580531894e-01
9.676994480682388211e-01
9.644380331159057018e-01
9.655042649272453925e-01
9.665077772202709250e-01
9.688911189162067172e-01
9.699573507275464079e-01
9.644380331159057018e-01
9.619292523833417041e-01
9.671976919217259994e-01
9.664450577019568778e-01
9.645007526342197490e-01
9.681384846964374846e-01
9.676367285499247739e-01
9.723406924234822002e-01
9.614274962368288824e-01
9.630582037129954420e-01
9.638108379327646746e-01
9.683266432513798483e-01
9.651279478173607762e-01
9.689538384345208755e-01
9.638735574510787218e-01
9.659433015554440560e-01
9.639362769693928801e-01
9.695183140993477444e-01
9.688911189162067172e-01
9.662568991470145141e-01
9.645634721525339073e-01
9.657551430005018034e-01
9.693301555444053808e-01
9.675112895132965685e-01
9.654415454089312343e-01
9.668213748118414941e-01
9.651279478173607762e-01
9.678876066231811848e-01
9.686402408429503064e-01
9.692047165077771753e-01
9.672604114400401576e-01
9.663196186653286723e-01
9.648770697441043653e-01
9.663823381836427195e-01
9.666959357752132886e-01
9.650652282990466180e-01
9.719016557952835367e-01
9.634972403411942166e-01
9.673231309583542048e-01
9.561590566984445871e-01
9.670722528850977939e-01
9.661314601103863087e-01
9.670095333667837467e-01
9.688911189162067172e-01
9.686402408429503064e-01
9.681384846964374846e-01
9.590441545408930901e-01
9.710235825388860986e-01
9.649397892624184125e-01
9.700827897641746134e-01
9.666332162568991304e-01
9.656924234821876452e-01
9.643753135975915436e-01
9.655042649272453925e-01
9.673231309583542048e-01
9.697064726542899971e-01
9.648143502257903181e-01
9.679503261414952320e-01
9.668840943301555413e-01
9.661314601103863087e-01
9.668840943301555413e-01
9.663823381836427195e-01
9.678248871048670265e-01
9.665077772202709250e-01
9.679503261414952320e-01
9.645007526342197490e-01
9.663823381836427195e-01
9.693301555444053808e-01
9.673858504766683630e-01
9.681384846964374846e-01
9.615529352734570878e-01
9.669468138484695885e-01
9.660060210737581032e-01
9.685775213246362592e-01
9.677621675865529793e-01
9.662568991470145141e-01
9.688911189162067172e-01
9.673858504766683630e-01
9.685775213246362592e-01
9.699573507275464079e-01
9.682639237330656901e-01
9.687029603612644646e-01
9.638735574510787218e-01
9.680757651781234374e-01
9.676367285499247739e-01
9.687029603612644646e-01
9.653161063723030288e-01
9.655042649272453925e-01
9.655669844455594397e-01
9.639362769693928801e-01
9.643753135975915436e-01
9.655042649272453925e-01
9.662568991470145141e-01
9.660687405920722615e-01
9.674485699949824102e-01
9.651279478173607762e-01
9.713371801304565567e-01
9.654415454089312343e-01
9.680757651781234374e-01
9.682012042147516429e-01
9.676994480682388211e-01
9.659433015554440560e-01
9.700200702458605662e-01
9.671976919217259994e-01
9.677621675865529793e-01
9.676994480682388211e-01
9.703336678374310242e-01
9.679503261414952320e-01
9.667586552935273359e-01
9.621174109382839568e-01
9.678876066231811848e-01
9.688283993978926700e-01
9.677621675865529793e-01
9.656924234821876452e-01
9.676367285499247739e-01
9.673231309583542048e-01
9.675740090316106157e-01
9.690165579528349227e-01
9.668840943301555413e-01
9.680130456598092792e-01
9.678248871048670265e-01
9.685775213246362592e-01
9.710235825388860986e-01
9.694555945810335862e-01
9.682639237330656901e-01
9.650025087807325708e-01
9.667586552935273359e-01
9.678248871048670265e-01
9.667586552935273359e-01
9.690792774711489699e-01
9.681384846964374846e-01
9.656297039638735979e-01
9.627446061214249839e-01
9.670095333667837467e-01
9.680757651781234374e-01
9.641871550426492909e-01
9.669468138484695885e-01
9.707099849473156405e-01
9.681384846964374846e-01
9.693301555444053808e-01
9.683893627696938955e-01
9.702709483191168660e-01
9.692047165077771753e-01
9.660687405920722615e-01
9.690792774711489699e-01
9.684520822880080537e-01
9.680130456598092792e-01
9.700827897641746134e-01
9.688911189162067172e-01
9.704591068740592297e-01
9.719643753135975839e-01
9.660060210737581032e-01
9.707099849473156405e-01
9.663196186653286723e-01
9.692047165077771753e-01
9.675112895132965685e-01
9.666959357752132886e-01
9.663823381836427195e-01
9.690165579528349227e-01
9.700200702458605662e-01
9.676994480682388211e-01
9.651906673356748234e-01
9.689538384345208755e-01
9.690165579528349227e-01
9.674485699949824102e-01
9.632463622679378057e-01
9.671976919217259994e-01
9.682639237330656901e-01
9.669468138484695885e-01
9.660687405920722615e-01
9.657551430005018034e-01
9.684520822880080537e-01
9.690792774711489699e-01
9.673231309583542048e-01
9.698319116909182025e-01
9.688283993978926700e-01
9.717134972403411730e-01
9.675112895132965685e-01
9.678248871048670265e-01
9.685775213246362592e-01
9.638108379327646746e-01
9.716507777220271258e-01
9.717762167586553312e-01
9.653161063723030288e-01
9.680130456598092792e-01
9.656924234821876452e-01
9.703963873557450714e-01
9.669468138484695885e-01
9.677621675865529793e-01
9.678876066231811848e-01
9.703336678374310242e-01
9.655669844455594397e-01
9.643125940792774964e-01
9.708354239839438460e-01
9.714626191670847621e-01
9.676994480682388211e-01
9.662568991470145141e-01
9.696437531359759499e-01
9.708981435022578932e-01
9.705218263923732769e-01
9.704591068740592297e-01
9.687656798795785118e-01
9.650652282990466180e-01
9.688911189162067172e-01
9.696437531359759499e-01
9.682639237330656901e-01
9.678876066231811848e-01
9.723406924234822002e-01
9.680757651781234374e-01
9.704591068740592297e-01
9.697691921726041553e-01
9.666959357752132886e-01
9.691419969894631281e-01
9.692047165077771753e-01
9.686402408429503064e-01
9.711490215755143041e-01
9.703336678374310242e-01
9.680757651781234374e-01
9.682639237330656901e-01
9.659433015554440560e-01
9.727170095333668165e-01
9.679503261414952320e-01
9.667586552935273359e-01
9.687656798795785118e-01
9.692047165077771753e-01
9.680757651781234374e-01
9.719643753135975839e-01
9.671976919217259994e-01
9.700200702458605662e-01
9.680130456598092792e-01
9.709608630205720514e-01
9.695810336176617916e-01
9.673858504766683630e-01
9.706472654290014823e-01
9.690792774711489699e-01
9.676994480682388211e-01
9.679503261414952320e-01
9.663823381836427195e-01
9.702082288008028188e-01
9.675740090316106157e-01
9.676994480682388211e-01
9.716507777220271258e-01
9.661314601103863087e-01
9.706472654290014823e-01
9.698319116909182025e-01
9.651906673356748234e-01
9.698946312092323607e-01
9.646889111891621127e-01
9.697691921726041553e-01
9.692047165077771753e-01
9.715253386853989204e-01
9.666959357752132886e-01
9.718389362769693784e-01
9.686402408429503064e-01
9.687029603612644646e-01
9.719016557952835367e-01
9.720898143502257893e-01
9.722779729051680420e-01
9.670722528850977939e-01
9.661941796287004669e-01
9.676367285499247739e-01
9.650652282990466180e-01
9.705218263923732769e-01
9.687656798795785118e-01
9.702709483191168660e-01
9.655669844455594397e-01
9.690792774711489699e-01
9.686402408429503064e-01
9.682639237330656901e-01
9.713998996487707149e-01
9.701455092824886606e-01
9.695183140993477444e-01
9.629954841946813948e-01
9.705218263923732769e-01
9.703963873557450714e-01
9.705845459106874351e-01
9.664450577019568778e-01
9.687656798795785118e-01
9.705845459106874351e-01
9.697064726542899971e-01
9.713371801304565567e-01
9.723406924234822002e-01
9.697064726542899971e-01
9.663823381836427195e-01
9.673231309583542048e-01
9.682012042147516429e-01
9.688283993978926700e-01
9.685775213246362592e-01
9.690792774711489699e-01
9.696437531359759499e-01
9.721525338685398365e-01
9.707099849473156405e-01
9.658178625188158506e-01
9.669468138484695885e-01
9.712744606121425095e-01
9.698319116909182025e-01
9.722152533868539948e-01
9.708981435022578932e-01
9.688283993978926700e-01
9.643753135975915436e-01
9.697691921726041553e-01
9.637481184144506274e-01
9.729678876066232274e-01
9.718389362769693784e-01
9.687656798795785118e-01
9.706472654290014823e-01
9.677621675865529793e-01
9.717134972403411730e-01
9.742849974912192179e-01
9.658805820371300088e-01
9.690165579528349227e-01
9.688911189162067172e-01
9.698946312092323607e-01
9.668840943301555413e-01
9.713371801304565567e-01
9.714626191670847621e-01
9.693928750627195390e-01
9.737832413447065072e-01
9.705218263923732769e-01
9.696437531359759499e-01
9.688911189162067172e-01
9.697691921726041553e-01
9.710235825388860986e-01
9.686402408429503064e-01
9.699573507275464079e-01
9.703963873557450714e-01
9.666959357752132886e-01
9.673231309583542048e-01
9.710235825388860986e-01
9.701455092824886606e-01
9.691419969894631281e-01
9.699573507275464079e-01
9.710235825388860986e-01
9.698946312092323607e-01
9.713371801304565567e-01
9.660060210737581032e-01
9.683266432513798483e-01
9.697064726542899971e-01
9.685775213246362592e-01
9.717134972403411730e-01
9.691419969894631281e-01
9.726542900150526583e-01
9.684520822880080537e-01
9.682639237330656901e-01
9.684520822880080537e-01
9.679503261414952320e-01
9.724661314601104056e-01
9.709608630205720514e-01
9.702709483191168660e-01
9.685775213246362592e-01
9.681384846964374846e-01
9.706472654290014823e-01
9.702709483191168660e-01
9.702082288008028188e-01
9.709608630205720514e-01
9.694555945810335862e-01
