6.740894258411099793e-01
6.489651950232299127e-01
6.319806283882857256e-01
6.233067269368322005e-01
6.153564528191561855e-01
6.073290020810618861e-01
6.012412038390144708e-01
5.921706298877411623e-01
5.847400342526892780e-01
5.762880510621135599e-01
5.692991437591384818e-01
5.630817370264002975e-01
5.542023121802219787e-01
5.455280331230258906e-01
5.376937806576386203e-01
5.296536971442494801e-01
5.185905995975471638e-01
5.150689878358472029e-01
5.024930301229378893e-01
4.982682037640622785e-01
4.902357055323840473e-01
4.798408526005723540e-01
4.777115227825606825e-01
4.704931146884407389e-01
4.650579270141781407e-01
4.554397857374601899e-01
4.533266993963832037e-01
4.466791788776854899e-01
4.438946480375405845e-01
4.317505232843991680e-01
4.311573373212684857e-01
4.242904008302147978e-01
4.225909691089012044e-01
4.155187901694512576e-01
4.123397959995317441e-01
4.053391109323956076e-01
4.029195621512490222e-01
4.061718505348802521e-01
3.982151830339934473e-01
3.917294335138002404e-01
3.931733432033823750e-01
3.916078010397345266e-01
3.772931789490546195e-01
3.756733811565577397e-01
3.735287428590082781e-01
3.737460720557037042e-01
3.703223192326937641e-01
3.804575043949600111e-01
3.639979046669906126e-01
3.708198918688554446e-01
3.514910490143197674e-01
3.584082912573309798e-01
3.566464520673086613e-01
3.506984446315506987e-01
3.527914122367586947e-01
3.488430461869189703e-01
3.452323018996127924e-01
3.438322849149268445e-01
3.336570626278947405e-01
3.414776678651765818e-01
3.322827979899864448e-01
3.344889658213977546e-01
3.305331956963412088e-01
3.261535599551126929e-01
3.312498008971589969e-01
3.257728233537180995e-01
3.228539563995835859e-01
3.209574288360090288e-01
3.179616197173582015e-01
3.188557592517338168e-01
3.119199659583769546e-01
3.112192881642665832e-01
3.099002704450489754e-01
3.094316513071512231e-01
3.068799973431389772e-01
3.007945124372070067e-01
3.030333175649609356e-01
3.019297483334634769e-01
2.992124369716560595e-01
2.986718836257760135e-01
3.005370682528792914e-01
3.012658899235952648e-01
3.023816113847616616e-01
2.955551115161381137e-01
2.948060801025616517e-01
2.938928234101657599e-01
2.904379514372653626e-01
2.966423121099189819e-01
2.896077818327433273e-01
2.889002065711205880e-01
2.860143113707515061e-01
2.827421921135729876e-01
2.753854699309483678e-01
2.788185095344424824e-01
2.798887207558330981e-01
2.784291636208104936e-01
2.788426987920283318e-01
2.827987032982194338e-01
2.793877293461839439e-01
2.808976464695028263e-01
2.748814086727442985e-01
2.694810225146533345e-01
2.778876965750537997e-01
2.737210061283369966e-01
2.716858574435511153e-01
2.634262696798279624e-01
2.696592114525587780e-01
2.673102839622315541e-01
2.672814999431805116e-01
2.652459908416985312e-01
2.655986541488693509e-01
2.701072084861847467e-01
2.785541198958913500e-01
2.618568274045313671e-01
2.661923900642887975e-01
2.598369372172147362e-01
2.556583676814315198e-01
2.681952738546571346e-01
2.584940512247320132e-01
2.556595716474047708e-01
2.571742017246405054e-01
2.594983365014756349e-01
2.464191784780347394e-01
2.572894335032346880e-01
2.643853980020750560e-01
2.527567625823358144e-01
2.506789986775020962e-01
2.540349605032025671e-01
2.455043853136743004e-01
2.532744296250244997e-01
2.438777052333351292e-01
2.474627120675480796e-01
2.456082999295046976e-01
2.437527192877096127e-01
2.482125549775777706e-01
2.527166093885150899e-01
2.442935616959295841e-01
2.400917456757765134e-01
2.556501467863160348e-01
2.438465836161174682e-01
2.334700303943804400e-01
2.353488957828094863e-01
2.378946922558728416e-01
2.423656120470164821e-01
2.343980059012718276e-01
2.292079389304655379e-01
2.476947201267296061e-01
2.297712146966707503e-01
2.411988355140858298e-01
2.364345595158348634e-01
2.285562367877108370e-01
2.405799408384859950e-01
2.330014481056412456e-01
2.321251940918638568e-01
2.330027637742478341e-01
2.353194371516298955e-01
2.451968522928374694e-01
2.268522679357150573e-01
2.355795357613723884e-01
2.276391048139504159e-01
2.321724567769821446e-01
2.247183023986060457e-01
2.269652237918469151e-01
2.235723555058136136e-01
2.210693191895817533e-01
2.248930864099635552e-01
2.261456679412604531e-01
2.150989331256428216e-01
2.290330633737905630e-01
2.285897583442301484e-01
2.239256570881117681e-01
2.185824994040803659e-01
2.202786551727700659e-01
2.119092096710587791e-01
2.234230032830877288e-01
2.232366125307307936e-01
2.162241300654901832e-01
2.121459277981319336e-01
2.165122522939346150e-01
2.175991644608992470e-01
2.095092311314584177e-01
2.239363858643573513e-01
2.216082348582197881e-01
2.153248707074587875e-01
2.204783633014872346e-01
2.149891971166087157e-01
2.197377852800199982e-01
2.129342826658077725e-01
2.137408922260512212e-01
2.217531995861840022e-01
2.076743773880521671e-01
2.311183728587968278e-01
2.104082945537997795e-01
2.120437550293519935e-01
1.991695071427115049e-01
2.150913583711948629e-01
2.016637177546300730e-01
2.077181276758292561e-01
2.111187411263786839e-01
2.170056445599798656e-01
2.082636269025328890e-01
2.067051251151127422e-01
2.135848523801257004e-01
2.027212498897412729e-01
1.992187622917757084e-01
2.161785345309592821e-01
2.197282094484110104e-01
2.104521137173906709e-01
1.974590540500484048e-01
2.008930882555841624e-01
1.985120149156404945e-01
2.034908616237764700e-01
2.166154551195009770e-01
2.065219130279188908e-01
2.014345233606681940e-01
1.994572400119636046e-01
1.980611548552965451e-01
2.016809545027450079e-01
1.953923281448544103e-01
1.987683476363362456e-01
1.944252346486705640e-01
2.051991236550809172e-01
1.959388500712232473e-01
1.918866653210304640e-01
1.957394642502114368e-01
2.146931022809368816e-01
1.975064967229506196e-01
1.984314167553374864e-01
2.063836495719599540e-01
1.980470139748237990e-01
1.942174731339274263e-01
1.952608230870032102e-01
1.975266228234175692e-01
1.881923174594911652e-01
1.944227352087903316e-01
1.943997838092819397e-01
1.948478065479716803e-01
2.029343416687237611e-01
2.038817281586646490e-01
2.050387668537842212e-01
2.044671258612966169e-01
1.960976802997713431e-01
1.853347058668246561e-01
1.895616860378943058e-01
1.927663300782666289e-01
1.773808755829175132e-01
1.863206634704515086e-01
1.853702962548064159e-01
1.903813673558094055e-01
1.825885780181827345e-01
1.947581145671283542e-01
1.856643508874885606e-01
1.812325183674132478e-01
1.844174702204595673e-01
1.867695133918143846e-01
2.024812290731890507e-01
1.801461393038830683e-01
1.881667640540567454e-01
1.841245732558503267e-01
1.824403390834155592e-01
1.928059230542218949e-01
1.776980008393511112e-01
1.784829902278078917e-01
1.695875142178999706e-01
1.824194665117833125e-01
1.848807225888898786e-01
1.874184201425245222e-01
1.904086160767455294e-01
1.819255047567035488e-01
1.782942332936720831e-01
1.806714666350307807e-01
1.840006344123639170e-01
1.702232464018982872e-01
1.763936166959495511e-01
1.846195447403045919e-01
1.771279724919490872e-01
1.709470047507523072e-01
1.831272821209865009e-01
1.794837539033320439e-01
1.764040096764341869e-01
1.680229084460626576e-01
1.783939884854990054e-01
1.752720091639603517e-01
1.818876072848042702e-01
1.762881315627770340e-01
1.769076020976017294e-01
1.776300815840163305e-01
1.685796346466000573e-01
1.794179342406751754e-01
1.856328959717441773e-01
1.693930325948348747e-01
1.712820009555998391e-01
1.773500408859511324e-01
1.714072729317434873e-01
1.658840112900291375e-01
1.705982977430005876e-01
1.729627702473038875e-01
1.673747356130558805e-01
1.714005954470158299e-01
1.740548191989299553e-01
1.717552866728773442e-01
1.673779709968385154e-01
1.727989661711517300e-01
1.676240859920513082e-01
1.657662181117339761e-01
1.695946561022134980e-01
1.717960919289509836e-01
1.710461385574283399e-01
1.687033348088281259e-01
1.883208372457746416e-01
1.697059442395250084e-01
1.665880459071521491e-01
1.663835481055944421e-01
1.664330282524729143e-01
1.692992233625920107e-01
1.696663998474861879e-01
1.702334057937838485e-01
1.655425510186528115e-01
1.706384014108345004e-01
1.695638252333427076e-01
1.651887476175081526e-01
1.695216861401618591e-01
1.709091565564715975e-01
1.607583298703503250e-01
1.631143964599019724e-01
1.703800696017929994e-01
1.744144318603835231e-01
1.629827546672610594e-01
1.629478827799257790e-01
1.638426325217121060e-01
1.649445696835295239e-01
1.721233901101862085e-01
1.613678690990011655e-01
1.637123084014465713e-01
1.671347430735691808e-01
1.586257422233549041e-01
1.634233921272815748e-01
1.715445520811444691e-01
1.648018652030228959e-01
1.808940760316528062e-01
1.612654807007737334e-01
1.522029601327226367e-01
1.583061269701753482e-01
1.672136664270935935e-01
1.562109966853486853e-01
1.639339616713784697e-01
1.589108715090868928e-01
1.586375079649031961e-01
1.562119694403290848e-01
1.593713952902268971e-01
1.562708615209968954e-01
1.668115292161299335e-01
1.624468601623253738e-01
1.543859187616395123e-01
1.724162439395600099e-01
1.507758373778726457e-01
1.652521364245053415e-01
1.580741720557272689e-01
1.646258169930003845e-01
1.581948432590993825e-01
1.584535431634584157e-01
1.535303345051950707e-01
1.552566449006956839e-01
1.529158616837579532e-01
1.568372049861916084e-01
1.546036999427787828e-01
1.547129151812762504e-01
1.556443224076463905e-01
1.523472036001853325e-01
1.533748324020269005e-01
1.509447582869809790e-01
1.596937740770226211e-01
1.572296307634840629e-01
1.513373309113664744e-01
1.463316817320715058e-01
1.538274170942062480e-01
1.695492199719759729e-01
1.556495189876097029e-01
1.464260073796445627e-01
1.518883525697178882e-01
1.521617844962499522e-01
1.552008940715378371e-01
1.540210688915673864e-01
1.499253307164044313e-01
1.500830530402532392e-01
1.497866564579364013e-01
1.576602599815812578e-01
1.709815199747195535e-01
1.460265049788441183e-01
1.505454502629683389e-01
1.564868915577480313e-01
1.485779988095799753e-01
1.493315964982070698e-01
1.532438794871520127e-01
1.560915933891091623e-01
1.517244342787446298e-01
1.505337416886445845e-01
1.539877431660636453e-01
1.500627283049897898e-01
1.603120747099434640e-01
1.545010123549546144e-01
1.531421713534755757e-01
1.437701787173419066e-01
1.482893697023989765e-01
1.372096317381459318e-01
1.457507931522191436e-01
1.451553351171520345e-01
1.494241544516075881e-01
1.531395225057156917e-01
1.474015162598829587e-01
1.400547454285968607e-01
1.520462767657956016e-01
1.520800126657615159e-01
1.446877920591705668e-01
1.473050935523807781e-01
1.486939381877202537e-01
1.491470702527099290e-01
1.396954343735992143e-01
1.459169690326656277e-01
1.465373754620970803e-01
1.404645101574277244e-01
1.535406224373531692e-01
1.492377787873306050e-01
1.534020010320253924e-01
1.405550620466754774e-01
1.419355687010066813e-01
1.439260616711617868e-01
1.463576545831371256e-01
1.505483023941935616e-01
1.364844776447012020e-01
1.510033687783196854e-01
1.419990067648277399e-01
1.501794561212887180e-01
1.424101974966534290e-01
1.438453154861777383e-01
1.472884980775696351e-01
1.346472169861862855e-01
1.438737986109332179e-01
1.495275351639913652e-01
1.519784096103185822e-01
1.371891798532852424e-01
1.406462638747793814e-01
1.372090074594931319e-01
1.404633021390563619e-01
1.518185014737890581e-01
1.437431086383748891e-01
1.408980851848102844e-01
1.403610501915022180e-01
1.467098989979561674e-01
1.480939932956327199e-01
1.402086138246768920e-01
1.429415889648833760e-01
1.500262026055877163e-01
1.425414872091736451e-01
1.369679197108273072e-01
1.488181465364734612e-01
1.394578450837448691e-01
1.304801824258250698e-01
1.397038736178297103e-01
1.268126494954473216e-01
1.353213548720092196e-01
1.389313062949211752e-01
1.349811647115373436e-01
1.430555883060432298e-01
1.361625729884804736e-01
1.375786602437286954e-01
1.412952309254719430e-01
1.423290099442094947e-01
1.540945140907528654e-01
1.434400222047871876e-01
1.325558848525792421e-01
1.358255112045563817e-01
1.522566681373556108e-01
1.324801847555502066e-01
1.364498842214138252e-01
1.428909936384286095e-01
1.298134955766807597e-01
1.427503155588326078e-01
1.356864822341518895e-01
1.348653965210472039e-01
1.446437143346381571e-01
1.395655830511781104e-01
1.417510647960362469e-01
1.377192535743722857e-01
1.327051788912427255e-01
1.377307522763454584e-01
1.453497219013916431e-01
1.341100148052889185e-01
1.402570857693068718e-01
1.224405772486824029e-01
1.329205371570300054e-01
1.345320239147228258e-01
1.429397191196246364e-01
1.341837985292488322e-01
1.309385593817931348e-01
1.392356597010478148e-01
1.419504901316676615e-01
1.443838787120727274e-01
1.314045377804655135e-01
1.358171812984372839e-01
1.280707640230386579e-01
1.323747344341220655e-01
1.387405032137800365e-01
1.508068384474626489e-01
1.348993444317139745e-01
1.426847541057100488e-01
1.434407703619594299e-01
1.335764445599992856e-01
1.344003489477456070e-01
1.362811638461963182e-01
1.291521327673820774e-01
1.271508359095587237e-01
1.266480032980770998e-01
1.419985543130871386e-01
1.237519775249523724e-01
1.289795656121680290e-01
1.403362874522977310e-01
1.263733491697804356e-01
1.351204916378749565e-01
1.344352723424062646e-01
1.294357415888695850e-01
1.312257291097707890e-01
1.296962876446690893e-01
1.272964425725190418e-01
1.357265250786308941e-01
1.249571943247192590e-01
1.322510693011066107e-01
1.341769865078957236e-01
1.393921358377205044e-01
1.282093046271376435e-01
1.188061920336246219e-01
1.396618290905729809e-01
1.367603270061280574e-01
1.265249141962517532e-01
1.342435123121325791e-01
1.375196122429326595e-01
1.322360914658495257e-01
1.271951500788084388e-01
1.361747427735565674e-01
1.326726894102321364e-01
1.218442728680339399e-01
1.179456893248110594e-01
1.275347986385203802e-01
1.214630931645736406e-01
1.339602328638783979e-01
1.299231141147694779e-01
1.284675527788321225e-01
1.242195487142027932e-01
1.292161360136301063e-01
1.268808082142369176e-01
1.217667595023075311e-01
1.237532457274165693e-01
1.332315565710742444e-01
1.288273046050188997e-01
1.196569928715292414e-01
1.217942041065964431e-01
1.428079486614755866e-01
1.178308674365625974e-01
1.354367340771444883e-01
1.198408366206657749e-01
1.243050142232939859e-01
1.307183789566899457e-01
1.203561925254033188e-01
1.247434771007110976e-01
1.258136053301853741e-01
1.298798474829458982e-01
1.221112997326728872e-01
1.214536302692616199e-01
1.191494410966905670e-01
1.329620717400829821e-01
1.247919511911681212e-01
1.245990865926944746e-01
1.267836006200319665e-01
1.288514061902434338e-01
1.236053986116922299e-01
1.220997370072961496e-01
1.245705440857275276e-01
1.272250069739886691e-01
1.268239880819013732e-01
1.186673680981139845e-01
1.203414378561569187e-01
1.225773107598788492e-01
1.270979860441444342e-01
1.231092197904190416e-01
1.299464066708680143e-01
1.268541549864690976e-01
1.303395652219211942e-01
1.223891741865792554e-01
1.180477757670445049e-01
1.246687596578784640e-01
1.170990901694965308e-01
1.256384597581891027e-01
1.202819026329980390e-01
1.234263208602698614e-01
1.222719098985703551e-01
1.375734166424895377e-01
1.266444092770646901e-01
1.282867309036891390e-01
1.198806232070420419e-01
1.216257080263787593e-01
1.183348859053308805e-01
1.306744591934383137e-01
1.126761516239316446e-01
1.205560118315121831e-01
1.180644085807412702e-01
1.213944500197254167e-01
1.290878499206202235e-01
1.221306246695540026e-01
1.322400587785202142e-01
1.380800653792958743e-01
1.155188013367239031e-01
1.208367809481316890e-01
1.180357522645668900e-01
1.178317550986601459e-01
1.209061228774387098e-01
1.201975536268677369e-01
1.228584651963769425e-01
1.191095701202458668e-01
1.242536893156504368e-01
1.245673472483255079e-01
1.229264039791114899e-01
1.179760369601646902e-01
1.211895550906329222e-01
1.264094899810861705e-01
1.209805384614751206e-01
1.209939450578837866e-01
1.293862700608137961e-01
1.097842771475840279e-01
1.176850674547744724e-01
1.299191164539737209e-01
1.166235225034968348e-01
1.232234990468171199e-01
1.145873387375490465e-01
1.180154212413573461e-01
1.126757554833277691e-01
1.181948173677149633e-01
1.198515000052626789e-01
1.268895705531006002e-01
1.208879015162190873e-01
1.198685997793319108e-01
1.140272744743894562e-01
1.197063544708104610e-01
1.212076297879398495e-01
1.249982466798778558e-01
1.139692936748699925e-01
1.208706554969351255e-01
1.152594312090880896e-01
1.206414829874182248e-01
1.138806839759063938e-01
1.174559063547768872e-01
1.615516603052825351e-01
1.252393096935880690e-01
1.148522300257852624e-01
1.136670889070269669e-01
1.217798678511898547e-01
1.193927443631617735e-01
1.121789836668214552e-01
1.095563028095597607e-01
1.219236582781179357e-01
1.118213702058648562e-01
1.145270360335595566e-01
1.226806955470909621e-01
1.228373954329607942e-01
1.175885204687467794e-01
1.316370934442366025e-01
1.104820208204372739e-01
1.194413871814184180e-01
1.157624906501875245e-01
1.187107901101043111e-01
1.175506374552449662e-01
1.144653093901580182e-01
1.157131417800718598e-01
1.170263363191427070e-01
1.176123221391298934e-01
1.204063682865988832e-01
1.089187415996150515e-01
1.178451227935426449e-01
1.178127215979868497e-01
1.131014702192096877e-01
1.115726190658890837e-01
1.125988635924732167e-01
1.160064566930932572e-01
1.156799754065242353e-01
1.171515374792561209e-01
1.293845939399965173e-01
1.234932841739640186e-01
1.119975424177731549e-01
1.140954681320281300e-01
1.150151758533713153e-01
1.083435250536855937e-01
1.100679097451340710e-01
1.166819415900555296e-01
1.093014160697327319e-01
1.167645615231613920e-01
1.103848197384808966e-01
1.246764754537236924e-01
1.160371303857419545e-01
1.124828718546581757e-01
1.156038152165168864e-01
1.112745071072514524e-01
1.129617437952078057e-01
1.117007660203343661e-01
1.156152546465606251e-01
1.091459766591067748e-01
1.150263423259929446e-01
1.194927780040830889e-01
1.112951896206194891e-01
1.134385155767157483e-01
1.107864225487941168e-01
1.140415205527237213e-01
1.188645010923418122e-01
1.119914790881798572e-01
1.152305601531993934e-01
1.212817604106332658e-01
1.142281716454884438e-01
1.252319445516736629e-01
1.127763845426499184e-01
1.090545082176024722e-01
1.051039890658598264e-01
1.123523843076081885e-01
1.106936271786988779e-01
1.151962017914307385e-01
1.113762732387725551e-01
1.126133012699829655e-01
1.117517990244732834e-01
1.115230645664780224e-01
1.162192758697992157e-01
1.091931103030102795e-01
1.128219794715641100e-01
1.185569376187054214e-01
1.193277620665104677e-01
1.098903329025185810e-01
1.136226741156862730e-01
1.094126808795866795e-01
1.198338459947273088e-01
1.116192893868586111e-01
1.007873540135764967e-01
1.192960577488424018e-01
1.120031281237476861e-01
1.059788019324868213e-01
1.050848323109756510e-01
1.107396989821550354e-01
1.143590052987365213e-01
1.185248065506221693e-01
1.124048883359873713e-01
1.049537823890180216e-01
1.100872984512092784e-01
1.090882106142551239e-01
1.037570207608266570e-01
1.083884578902878093e-01
1.188362055367940123e-01
1.124742886736592729e-01
1.084095268948139235e-01
1.094805453509107296e-01
1.108493416458443126e-01
1.060093861845229912e-01
1.117025040019054977e-01
1.098898648542790818e-01
1.141934945685924574e-01
1.108918004803363250e-01
1.098008034176044118e-01
1.060876498196032941e-01
1.182352108642556049e-01
1.106595311611068416e-01
1.128818012598287041e-01
1.034744699292606401e-01
1.067480464871062573e-01
1.099547317248759232e-01
1.189020395959314857e-01
1.271320040568118814e-01
9.983066184940615762e-02
1.123279286945697564e-01
9.782554435777832125e-02
1.088186207050303445e-01
1.074091205368733482e-01
1.066902085084503599e-01
1.025552028912548042e-01
1.162703679066115908e-01
1.100348314177852366e-01
1.145576295679798656e-01
1.037548219236487795e-01
1.005258563320898801e-01
1.100153093564109619e-01
1.030790602093926006e-01
1.029660748453353758e-01
1.048326887081929143e-01
1.224129939992943394e-01
1.019113937694704625e-01
9.899647842683327592e-02
1.085774985932251163e-01
1.089593159288123059e-01
1.054366853179730668e-01
1.107318287465779288e-01
1.045456380324930740e-01
1.094250570603249595e-01
1.017068311183283863e-01
1.076596153743950152e-01
1.065382923177600888e-01
1.025309412475213650e-01
1.021433696150779724e-01
1.029219344460180624e-01
1.009496616707096922e-01
1.081311287469619853e-01
1.027142492053320921e-01
1.066268423933870446e-01
1.035422551844267236e-01
1.034122038757866874e-01
1.082764740751068350e-01
1.076729279319903892e-01
1.067101956684865793e-01
1.053028335739665394e-01
1.032438290385343377e-01
1.056022859448113721e-01
9.868975268182476890e-02
1.052698811438594478e-01
1.002195282828490797e-01
1.112584349981098342e-01
9.657066309057284192e-02
1.003977595503702247e-01
1.143203206057531729e-01
1.080737647044856115e-01
1.067412420023163555e-01
1.078906779313470315e-01
1.063922834243836574e-01
1.087588798114539207e-01
1.075487035680403325e-01
1.106998875542794802e-01
1.192310609398208737e-01
9.832146580247382028e-02
1.018268949965765585e-01
1.046157915629278290e-01
1.075713928887967324e-01
1.071013289962171322e-01
1.066007141306121592e-01
1.072990225671944242e-01
1.103078841983643893e-01
1.045007832867980713e-01
1.085739996540325131e-01
1.069897903504230530e-01
1.056537316356001982e-01
1.039326908865946392e-01
1.088314610535752736e-01
9.953131802974486686e-02
1.018490763694212403e-01
1.052321898117773574e-01
1.228166366798819076e-01
9.938391414903220700e-02
9.969877485677457185e-02
9.829472079013258645e-02
1.113654009425873448e-01
9.960275067869765742e-02
1.027175625790858193e-01
9.608545995841238918e-02
1.013978897844853844e-01
1.042307872854161960e-01
1.092831405992790300e-01
1.024091087218151619e-01
1.085533974752974085e-01
1.075238160867518777e-01
1.139805813829801867e-01
1.061114156688808818e-01
1.014315963120419883e-01
1.007670466580165985e-01
1.132664358905973168e-01
1.045216559892734320e-01
1.067521667366822108e-01
1.004056010079395767e-01
9.969006131491467415e-02
1.072839629372354664e-01
1.024901049180779733e-01
1.060004100928758769e-01
1.033863613547404969e-01
1.002537251730032247e-01
1.046904450571243955e-01
1.039350134826639571e-01
9.422525827437863710e-02
9.717623558226268221e-02
1.153199239159671124e-01
1.164981738757201873e-01
9.542633428220108349e-02
1.088439924703192285e-01
9.913528901214090083e-02
9.838670747503226732e-02
9.806128810367809034e-02
1.092413363597887072e-01
9.976699593912939645e-02
1.020427447090900136e-01
9.943526431477016370e-02
1.069241545821516259e-01
9.719570600546847960e-02
1.028613882392599987e-01
1.010095994869070479e-01
9.903674580556809381e-02
1.063332029221587816e-01
1.128070633493950814e-01
9.657919143335459700e-02
9.524416817353109632e-02
1.080393359491230582e-01
1.049324570777903087e-01
9.621262760450656482e-02
1.044956287677547974e-01
9.994102525489748090e-02
9.828452318084342221e-02
9.645363149395314029e-02
1.059645672150730106e-01
9.715811041689852157e-02
1.036652138319316963e-01
1.001127107219365875e-01
9.453243874405953262e-02
1.011656837746299081e-01
1.002421334004557629e-01
1.007097072103067814e-01
1.024798262047516423e-01
1.033126739434602620e-01
9.865731852502004906e-02
1.029668093639824478e-01
1.036783871014274883e-01
9.732821659263031500e-02
9.814848467087063100e-02
9.693551152510913871e-02
9.990221945353028321e-02
1.003473776813673113e-01
9.546171897359667646e-02
1.029696455566475183e-01
9.266254182847014076e-02
9.586604890201896878e-02
1.034994536064045567e-01
9.423283644196260578e-02
1.033328168740896974e-01
9.797936433443039939e-02
9.852989632926033303e-02
1.003910145730273623e-01
9.656003596447128301e-02
9.838037161419155296e-02
9.705709356850136804e-02
1.044499584316190555e-01
1.022442852469825636e-01
1.005158890104150271e-01
9.277253936297678860e-02
1.027174011598085551e-01
9.825030085852680395e-02
1.004546210655780925e-01
1.073390793632874873e-01
9.797291257276166676e-02
9.989110331438440238e-02
9.446878031427036193e-02
9.791299562417138391e-02
1.000286387368416047e-01
1.067445180184926068e-01
9.607174063949087961e-02
1.022123015680566765e-01
9.958340110218949492e-02
9.927549504764224264e-02
9.361614505220644533e-02
9.419638379040042031e-02
9.736658221160235382e-02
9.783893853530653550e-02
9.631225385231644009e-02
1.080118279494775152e-01
9.668171904117571491e-02
9.719278778912611438e-02
9.430305058266491569e-02
1.009602408147731445e-01
9.165377209474259712e-02
1.044024545764779544e-01
9.674452222244439570e-02
9.364209182437077672e-02
1.031394318620942052e-01
9.459061990176620416e-02
1.015500520910680854e-01
9.543893962904130557e-02
1.031491597857358000e-01
1.052315401981598342e-01
1.067712126711894693e-01
9.388745678574729470e-02
8.996841908660116460e-02
9.090085723892983582e-02
9.991157104995343485e-02
1.028609015028858348e-01
1.053141679930675034e-01
1.008692712275843090e-01
9.597747043575166614e-02
9.406336577496095253e-02
9.688481667190715352e-02
9.350773093617267828e-02
9.562164705809311771e-02
9.734246822992760617e-02
9.863714093965797458e-02
9.909691610754403635e-02
9.341388030516939445e-02
9.848877288890854620e-02
1.010015680189714077e-01
9.282009656098519357e-02
1.014596993263438968e-01
9.801202957886161193e-02
9.040755014801168943e-02
9.511338411356060063e-02
9.596117135049467284e-02
9.116138695055554797e-02
1.030254280199313088e-01
9.614707412159867461e-02
1.080659570642529682e-01
9.593813021130377650e-02
1.044912889143718437e-01
9.828503748399196327e-02
9.271638870717770209e-02
9.682922357598920671e-02
1.099101547254609235e-01
9.469496776156849371e-02
9.305151824863244769e-02
9.428511644076655041e-02
9.778582903603723342e-02
9.094779521630627639e-02
1.028870451677641046e-01
9.125581167627086487e-02
9.888258310594692790e-02
9.647415334623300753e-02
9.550513130857067601e-02
9.263099197296419118e-02
9.825134750995813404e-02
9.225530311562461783e-02
8.725296283524897056e-02
9.472044053400095753e-02
9.066434640472878503e-02
9.879662823240420444e-02
9.112622754482904708e-02
9.801037735560402808e-02
9.049385267917797737e-02
9.162039241327811501e-02
9.435679434204723159e-02
9.762368365613827148e-02
1.043626767902355174e-01
9.740170977011554376e-02
9.820218229497190698e-02
9.733918446410079472e-02
9.850337241187026582e-02
9.760917336630929586e-02
9.062572914454665451e-02
9.408668486230407912e-02
9.352016189531411894e-02
1.000922655362432162e-01
1.071284758127997727e-01
8.948889393424844241e-02
9.854975214150463181e-02
9.761154221728765568e-02
9.669417231841358207e-02
9.837972899273643435e-02
9.002517145061636472e-02
9.143527970652573500e-02
9.895521600119025485e-02
9.071443377205670733e-02
8.235526639674693727e-02
9.465047954855046464e-02
9.246383731501579828e-02
9.499142815046315858e-02
9.116030376398916169e-02
9.041338770594718743e-02
9.769034132219353572e-02
9.272137621854097123e-02
9.450924189035102285e-02
9.733145671480275540e-02
8.728745842527278753e-02
8.752670402816654927e-02
9.758200370451941552e-02
8.805620722095092168e-02
9.276510581067622108e-02
8.806933104483494201e-02
1.005101464034562353e-01
8.442693726312437696e-02
9.905434365076332126e-02
8.881934119852953613e-02
9.342645079914313477e-02
1.037388118334409831e-01
9.278211765069789563e-02
9.364291968742806394e-02
9.579983772686601062e-02
9.448583307454051783e-02
8.806357072171887290e-02
9.340896909590110098e-02
8.868752554530064114e-02
9.209692499488666972e-02
8.782204132521505280e-02
9.390453727728029221e-02
1.049858073022158639e-01
8.972283746959333617e-02
9.644778049212160420e-02
9.239894502347160976e-02
1.031225866461018548e-01
8.815885507919891950e-02
9.672718947100028553e-02
8.501419563330542273e-02
1.011858626459928440e-01
9.048648294093199207e-02
8.802130969023501394e-02
9.341243492991734010e-02
9.103957292232690846e-02
8.814556545279340904e-02
1.171460361731632566e-01
9.123755469207960045e-02
9.834789402868900077e-02
8.929263918141414069e-02
9.145263038534527655e-02
8.767730650728931818e-02
1.062650433584965415e-01
8.664669392922985658e-02
8.735883621731656279e-02
8.901973189463641134e-02
9.178468508751501387e-02
8.972102363920517187e-02
8.533041507409436233e-02
8.903381293868516122e-02
9.478030304438016251e-02
9.038847969724374265e-02
9.478086882494707321e-02
9.750245506298105269e-02
8.983563962058391250e-02
8.898400879435604260e-02
8.943608396850634412e-02
8.938815993875100230e-02
9.261773946955313697e-02
8.262026184731491307e-02
1.005030434543142531e-01
1.149223297909163916e-01
8.509545851773613057e-02
9.251597559577666441e-02
8.906243271598610067e-02
8.520788851353432169e-02
8.884222290725846127e-02
9.051819361757526550e-02
8.877504045378306619e-02
8.742226444547401831e-02
9.007061402207335032e-02
9.118423648683257610e-02
9.025307045291550145e-02
9.154458709595733601e-02
9.153396817558803744e-02
1.060841761144393075e-01
9.735398724622841560e-02
8.684932733794821502e-02
9.618761745593204515e-02
9.311915314263335963e-02
8.920350510438243563e-02
8.034328467549538277e-02
8.153660723456353232e-02
9.504654848778959497e-02
1.020425958694433088e-01
9.031014976395893012e-02
9.139577001781841459e-02
9.218242352877917267e-02
8.746913940133130283e-02
8.963400589435828458e-02
7.602638797998069464e-02
9.871768730851913920e-02
1.001047207499591168e-01
9.846054826528058412e-02
8.979834722727911278e-02
9.149416989557598856e-02
8.550606207053863816e-02
9.589671112533436348e-02
9.391286179640158382e-02
9.668814674640384410e-02
8.711923774550503485e-02
8.576835014161546256e-02
9.259381812912581555e-02
9.268327362039133210e-02
9.342799908437145195e-02
8.810602198039474420e-02
8.798056247616556358e-02
9.342796235484090994e-02
9.131140437965948320e-02
9.607418019060985637e-02
8.738583868030203039e-02
8.725146002360940900e-02
8.387147621389495766e-02
8.713070124507368841e-02
8.733590477325182955e-02
9.573145534486190988e-02
9.416576669300494307e-02
9.063759881664745777e-02
9.151075346740238092e-02
7.597874479561790573e-02
9.746169129912719831e-02
9.042206454818355055e-02
1.201331246283505322e-01
8.763838896964341874e-02
8.639307392642417427e-02
8.993143694474359240e-02
8.560408698932285565e-02
8.892336023720967542e-02
8.734469175548094377e-02
1.087594514351003516e-01
8.119404679692335258e-02
9.572024798189882056e-02
8.464895766013480483e-02
9.452871287057462713e-02
9.191832651430437151e-02
9.246311487038412491e-02
9.434907118908077150e-02
8.599006317904507590e-02
8.414453661888912639e-02
9.916295688384391127e-02
8.673626942605872081e-02
8.987623877819614360e-02
9.585559818420766320e-02
9.119538881344467496e-02
9.174282643972063445e-02
8.915111790394819602e-02
9.311065078716271315e-02
8.648142942339107075e-02
9.755326703572117508e-02
9.189660378768703397e-02
8.188382527948442902e-02
9.019914372252628432e-02
8.679368253096347852e-02
1.003163850511579885e-01
9.205246848702371143e-02
8.954525871293005090e-02
8.293807661703825329e-02
8.784160620219373661e-02
8.948141416442256801e-02
8.801881777570287613e-02
8.981889371544765632e-02
8.273319273110435468e-02
8.016910111626009139e-02
8.402907707047593822e-02
8.712561929489102963e-02
9.895621227802371689e-02
8.737210047885035635e-02
8.964280902636571902e-02
8.410980632996893636e-02
9.109911228012811113e-02
9.140432873863224561e-02
8.569908981728781294e-02
9.725247497534368624e-02
9.061364502806311394e-02
9.142329098214710403e-02
8.847782066548912083e-02
8.895617032239500066e-02
9.144498444102962253e-02
9.355298400568232142e-02
7.918254964378869387e-02
9.621049366177354678e-02
8.733692085225559787e-02
8.152729664250228658e-02
9.263217620031952149e-02
8.870758396623365516e-02
7.959581115290081943e-02
8.941981386873690263e-02
8.968942689607027619e-02
8.712836599273712790e-02
8.263237378852067438e-02
9.271632109119613829e-02
9.129393488968728931e-02
1.014608642337792438e-01
8.480456844532961724e-02
8.241649162971936837e-02
8.358059772297299350e-02
9.336924128985800431e-02
8.624653366048073977e-02
9.086204862630492540e-02
8.931072618545028707e-02
8.384127434150573377e-02
8.836243503876085870e-02
8.545756870478847522e-02
8.776449029297907212e-02
8.765930064467407357e-02
8.251826654665445071e-02
8.182004576000327656e-02
8.829078788187297300e-02
9.291008570522622800e-02
8.708101689695893488e-02
8.601555860392483266e-02
8.940162015466671108e-02
8.496632543614444921e-02
8.388480901478884144e-02
9.496038270262815995e-02
9.989631450391570078e-02
8.728209592129079764e-02
8.690222613681695962e-02
9.730755797565372733e-02
8.979481560347729596e-02
7.778253059365075606e-02
8.591883341331787993e-02
8.150512066354803631e-02
8.486663532568113066e-02
8.169767576444107726e-02
8.167631900600613726e-02
9.173754209767498446e-02
8.147209180295617026e-02
8.406771279449026801e-02
8.774241738159693771e-02
8.042743977166738611e-02
8.133792550837162794e-02
8.189514247028599481e-02
7.769353684772514756e-02
8.879597951240773834e-02
8.137724260349579741e-02
8.996238588643803991e-02
8.168633984999026931e-02
8.502093486850487158e-02
8.917584035842787693e-02
8.774501968285454423e-02
8.341940960436088071e-02
7.964161975983094499e-02
8.810722798752054774e-02
9.470905835342598167e-02
8.440495215120832895e-02
8.362098488483785119e-02
8.832131058904793552e-02
1.017302137580398808e-01
8.656079397988690471e-02
8.354786996170317226e-02
8.627410102177671125e-02
9.075926842024981123e-02
9.375395886768243814e-02
8.051199133274726527e-02
8.158685942495880195e-02
8.531392395974880805e-02
8.022750738673603554e-02
8.493687814345506071e-02
7.966040604926806490e-02
8.665939206626627200e-02
8.802079351042241262e-02
8.792456044692581463e-02
9.668700386547168790e-02
8.017644471205244427e-02
7.817480020034391075e-02
9.581770472381800907e-02
8.621247505654178189e-02
9.039811598210853449e-02
8.237472075615703826e-02
8.865454861762472882e-02
8.439144572898243934e-02
8.823960801568751788e-02
7.968662787982104534e-02
9.317460668128875467e-02
9.951587663790537053e-02
7.793253867307979588e-02
7.804702491697150524e-02
8.666589249409567541e-02
9.180116960362938450e-02
8.114889458128392297e-02
7.884323104236572177e-02
7.692772994912334961e-02
8.095726575300553340e-02
8.719615434514656205e-02
9.264527273593807510e-02
8.585001700602161445e-02
8.027621290594623427e-02
8.503473555314977617e-02
8.565778916676440591e-02
7.632629431473868242e-02
8.715407175375956828e-02
8.124684336620004166e-02
8.409329431624013029e-02
9.150103969724705799e-02
8.406761904540099861e-02
8.051748186484450343e-02
8.272027442997206825e-02
7.976625928897326800e-02
8.202277161124897631e-02
8.741961953422261455e-02
8.417920500593334410e-02
9.225186009877779647e-02
7.297767554276622659e-02
9.005869334732774512e-02
9.116956974789537649e-02
8.204515938910179884e-02
8.056399575352848896e-02
8.754566806049365879e-02
7.757538002464739457e-02
8.740919596261853552e-02
8.285719109535576166e-02
8.789678923580075687e-02
8.146380846203121751e-02
8.019691766078484996e-02
8.577052761585163276e-02
7.973320301429626111e-02
8.778439977332927469e-02
8.845996969588366954e-02
8.612922230259713319e-02
9.003881681140379900e-02
8.244386834232160510e-02
8.701607266443790734e-02
9.090734090388748190e-02
7.728948541699613706e-02
9.252906881545694406e-02
8.017862347415866120e-02
8.652896925291103658e-02
9.113067413955493190e-02
8.434284594876348407e-02
9.491093015430024371e-02
8.173220445777205911e-02
8.126996248975448811e-02
7.614125517919861919e-02
8.809470180450106047e-02
8.037859452089292367e-02
8.334799215190086263e-02
8.625943998759916242e-02
7.781132498295297018e-02
7.699299155469521705e-02
7.720057635273218366e-02
8.585495389231592722e-02
8.781018278599383997e-02
8.562443520157886345e-02
9.431696533633426860e-02
8.202490333525666588e-02
8.656212338328181377e-02
7.936007169491671176e-02
9.302660355945358006e-02
8.439421821226740505e-02
8.542982038770317865e-02
8.624531025869787426e-02
7.937076152477560986e-02
7.764068628510398251e-02
8.100164014747020247e-02
9.685054315255026136e-02
8.286324848093343243e-02
7.913866413713278869e-02
8.054679739852078912e-02
9.092958215240910802e-02
8.343025225336624107e-02
7.988805869641880941e-02
8.148247777772679723e-02
7.911686954493656054e-02
7.588771360562306112e-02
8.531706994404100741e-02
9.523093816298548731e-02
9.002509041760832498e-02
8.388828356856385671e-02
8.538939151492359880e-02
8.619796936304438550e-02
8.425630421209023835e-02
7.963088767138547241e-02
7.979520848810642275e-02
7.662895382033839409e-02
9.820004644940620586e-02
8.730116597018347524e-02
7.742609378236416096e-02
8.230839471570583488e-02
7.273174824480040102e-02
8.078939237010819563e-02
8.216542185354759609e-02
1.006663770036845679e-01
8.072589281376318926e-02
1.003436965749183590e-01
7.334441425651685997e-02
7.899322470288389075e-02
8.459346247318247358e-02
7.951220062529089361e-02
8.645274456098818450e-02
7.792662691962341792e-02
7.594328204882964950e-02
9.050311966123021634e-02
8.653029817031725190e-02
8.473830985263311466e-02
8.090952595035096062e-02
8.553445871547425694e-02
8.366397500965264133e-02
8.010527276612978975e-02
8.461825068099858294e-02
7.423635752758546424e-02
8.211800739415853201e-02
8.233875043342535338e-02
8.191802040138737584e-02
7.867497981633903015e-02
8.252333075451120936e-02
8.445048206604968688e-02
8.093483317073302263e-02
8.258700367797874864e-02
8.954000844616896715e-02
9.012811446662410964e-02
7.700156636547336730e-02
7.939461029307123829e-02
8.040573440839822450e-02
8.427926911086935924e-02
7.582686751766894162e-02
8.235487788616564775e-02
8.053991339289537366e-02
8.627608570055751713e-02
8.351317217047347918e-02
8.077785855732069753e-02
8.554948585989244347e-02
7.836734692295531379e-02
8.404896366449678136e-02
7.536900219564993120e-02
8.444032760134188853e-02
8.355720211110161111e-02
8.267857026303167267e-02
8.851478661925003821e-02
7.652629493014691253e-02
8.265960637837035940e-02
8.285065167627918281e-02
8.726116774507461371e-02
8.446712922388982525e-02
8.319662206297356866e-02
7.825527210452122573e-02
8.360185128357681961e-02
8.282275921845040634e-02
8.189067200136525282e-02
